NAME	= Aspect
DESCRIPTION	= 
UNIT	= Degree
DATAFORMAT	= FLOAT
DATAFILE_OFFSET	= 0
BYTEORDER_BIG	= FALSE
TOPTOBOTTOM	= FALSE
POSITION_XMIN	= -6108915.6418293687
POSITION_YMIN	= 1012652.0826555962
CELLCOUNT_X	= 1877
CELLCOUNT_Y	= 3385
CELLSIZE	= 20.2039460642
Z_FACTOR	= 1.000000
Z_OFFSET	= 0.000000
NODATA_VALUE	= -99999.000000;-99999.000000
